1
2 2 3 4 5 6 7 
1 2 3 6 
2 3 3 4 5 6 
1 2 3 4 5 6 11 
3 3 3 4 5 6 7 8 9 10 
1 2 3 4 11 
2 3 4 4 5 6 
1 2 3 6 7 
1 2 3 4 5 7 11 
11
4 4 
1 14 
1 2 4 10 
1 2 3 4 5 6 7 8 11 14 
2 3 4 5 5 6 7 8 9 
1 2 3 4 5 22 
3 4 4 4 5 6 7 
1 2 3 4 5 6 25 
1 3 4 8 
3 8 
1 2 3 4 5 6 8 18 
23
3 3 4 5 5 6 
1 2 3 4 5 10 11 
1 2 3 4 6 18 
1 2 3 4 5 8 9 10 
1 2 3 4 5 6 8 9 15 
1 2 3 4 5 34 
1 2 4 6 9 
1 2 33 
2 3 4 5 6 6 7 
1 2 3 6 15 
1 2 4 20 
1 2 3 4 5 10 13 
3 4 4 5 5 6 
1 2 3 4 41 
2 20 
1 4 15 
1 2 4 5 6 10 
1 2 3 4 5 6 7 48 
1 2 3 4 5 6 7 9 11 16 
1 2 3 46 
1 2 3 4 6 7 17 
1 2 3 4 5 6 7 10 11 14 
1 2 3 4 5 6 7 9 31 
1 2 3 4 5 6 7 8 55 
6 9 
7 8 
1 2 4 8 9 
1 4 19 
1 2 3 4 5 7 8 20 
1 2 3 4 5 6 7 8 61 
3 4 5 5 5 6 7 8 9 10 
1 6 13 
2 3 4 10 
1 2 3 4 5 8 25 
1 3 31 
1 2 3 4 5 6 7 66 
6 11 
1 62 
62
1 2 5 6 11 
8 9 
1 6 15 
1 2 3 5 7 16 
1 2 3 4 5 72 
1 2 3 4 5 6 7 9 10 26 
3 24 
1 2 3 5 9 12 
1 2 3 74 
3 4 4 5 6 6 7 8 9 
73
1 2 4 40 
1 2 5 8 9 
1 2 4 5 23 
1 2 3 4 11 16 
1 2 3 4 5 7 9 20 
1 2 3 4 5 6 7 8 9 88 
5 5 6 
3 4 5 6 
1 2 4 44 
1 84 
1 2 3 4 5 7 8 10 15 
1 2 3 4 9 22 
1 2 4 46 
1 2 5 32 
1 2 3 5 6 7 17 
1 2 3 4 5 94 
1 2 3 4 5 6 8 10 11 14 
1 2 3 4 5 6 13 20 
1 2 3 4 6 7 29 
1 2 3 4 5 6 7 8 11 40 
1 2 3 4 5 6 8 54 
1 2 3 4 5 6 11 26 
3 3 4 5 6 7 7 8 9 10 
1 2 3 4 101 
1 2 3 4 5 6 8 14 15 
1 2 3 4 7 8 17 
10 11 
