1 2 
2 2 
1 4 
2 3 
1 6 
3 3 
1 8 
2 5 
3 4 
2 6 
1 12 
4 4 
1 14 
2 8 
3 6 
4 5 
1 18 
3 7 
1 20 
5 5 
3 8 
2 12 
1 24 
4 7 
5 6 
2 14 
3 10 
4 8 
1 30 
6 6 
1 32 
4 9 
3 12 
2 18 
5 8 
6 7 
1 38 
2 20 
3 14 
5 9 
1 42 
7 7 
1 44 
4 12 
5 10 
2 24 
1 48 
6 9 
7 8 
5 11 
3 18 
4 14 
1 54 
6 10 
5 12 
8 8 
3 20 
2 30 
1 60 
6 11 
1 62 
2 32 
7 10 
8 9 
5 14 
6 12 
1 68 
4 18 
3 24 
7 11 
1 72 
6 13 
1 74 
2 38 
5 16 
4 20 
7 12 
6 14 
1 80 
8 11 
9 10 
2 42 
1 84 
7 13 
5 18 
2 44 
3 30 
8 12 
1 90 
6 16 
7 14 
4 24 
3 32 
2 48 
5 20 
8 13 
1 98 
7 15 
9 12 
10 11 
