100
5 1
3 2
9 3
6 4
7 5
2 6
4 7
8 8
6 9
4 10
10 11
3 12
9 13
6 14
9 15
8 16
6 17
6 18
3 19
2 20
7 21
4 22
3 23
9 24
6 25
8 26
1 27
6 28
5 29
1 30
9 31
10 32
2 33
8 34
6 35
8 36
6 37
9 38
10 39
10 40
6 41
9 42
5 43
10 44
10 45
2 46
5 47
10 48
3 49
9 50
4 51
5 52
2 53
6 54
3 55
2 56
9 57
8 58
6 59
1 60
3 61
6 62
2 63
10 64
3 65
9 66
5 67
1 68
3 69
1 70
7 71
8 72
1 73
5 74
2 75
10 76
10 77
2 78
7 79
10 80
8 81
7 82
8 83
5 84
1 85
6 86
8 87
9 88
9 89
5 90
1 91
10 92
1 93
8 94
10 95
7 96
10 97
3 98
3 99
1 100
