100
3 1
5 2
8 3
2 4
6 5
6 6
1 7
8 8
1 9
8 10
5 11
7 12
5 13
5 14
8 15
4 16
4 17
8 18
5 19
1 20
9 21
4 22
9 23
5 24
9 25
2 26
6 27
4 28
2 29
8 30
8 31
2 32
10 33
10 34
3 35
6 36
4 37
3 38
2 39
10 40
1 41
9 42
4 43
7 44
5 45
1 46
4 47
8 48
3 49
9 50
10 51
1 52
3 53
2 54
10 55
3 56
3 57
2 58
1 59
4 60
4 61
10 62
9 63
1 64
9 65
7 66
3 67
1 68
6 69
1 70
1 71
5 72
1 73
9 74
9 75
4 76
5 77
7 78
6 79
3 80
5 81
1 82
9 83
9 84
3 85
4 86
1 87
4 88
8 89
5 90
10 91
9 92
7 93
9 94
4 95
5 96
2 97
1 98
7 99
1 100
