1 2 3 4 5 
2 2 3 
1 2 3 4 5 6 7 8 11 
2 3 3 4 5 6 
1 2 3 4 5 6 11 
3 3 
1 2 3 10 
2 3 4 4 5 6 7 8 
1 2 3 4 7 8 
1 2 4 8 
1 2 3 4 5 6 7 8 9 20 
3 3 4 
1 2 3 4 5 6 7 8 21 
1 2 3 4 6 12 
1 2 3 4 5 6 7 10 13 
2 3 4 5 5 6 7 8 
1 2 3 4 5 22 
3 4 4 4 5 6 
1 2 21 
5 5 
1 2 3 4 5 8 13 
1 2 4 14 
1 2 25 
3 3 4 5 5 6 7 8 9 
1 2 3 4 9 10 
1 2 3 4 5 6 8 20 
27 
1 2 3 5 6 12 
1 2 3 4 33 
30 
1 2 3 4 5 6 7 8 39 
2 3 4 5 6 6 7 8 9 10 
3 12 
1 2 3 4 5 6 8 24 
1 2 3 4 9 12 
3 4 4 5 5 6 7 8 
1 2 3 4 5 42 
1 2 3 4 5 6 7 9 27 
1 2 3 4 5 6 7 8 11 22 
1 2 3 4 5 6 8 9 10 14 
1 2 3 4 5 46 
1 2 3 4 5 6 8 10 15 
1 2 3 4 47 
1 2 3 4 5 6 7 9 10 20 
1 2 3 4 5 6 7 10 11 14 
2 24 
1 2 3 4 51 
3 3 4 5 6 6 7 8 9 10 
1 8 9 
1 2 3 4 5 6 8 12 13 
1 2 5 20 
1 2 4 5 17 
1 54 
3 4 5 5 5 6 
1 6 13 
8 8 
1 2 3 4 5 6 7 10 27 
1 2 3 4 5 6 8 36 
1 2 3 4 5 64 
60 
1 2 63 
1 2 3 4 6 36 
7 10 
2 3 4 5 6 7 7 8 9 10 
1 6 15 
1 2 3 4 5 6 8 10 19 
1 2 3 4 71 
68 
1 4 25 
70 
1 2 3 4 5 6 77 
3 4 4 5 6 6 7 8 
73 
1 2 3 5 41 
5 16 
1 2 3 4 5 6 7 9 10 28 
1 2 3 4 5 6 7 8 15 20 
6 14 
1 2 3 4 5 6 85 
1 2 3 4 5 7 8 9 10 14 
1 2 3 4 7 8 9 10 
1 2 3 4 5 7 47 
1 2 3 4 5 6 7 90 
1 3 4 6 11 
85 
1 2 3 4 6 48 
1 2 3 4 5 6 9 36 
1 2 3 4 5 7 8 9 19 
1 2 3 4 5 6 7 8 97 
1 3 5 6 9 
91 
1 2 3 4 5 6 7 9 10 32 
93 
1 2 3 4 5 6 8 54 
1 2 3 4 5 6 7 8 13 28 
3 3 4 5 6 7 7 
1 2 3 4 5 6 7 8 9 106 
2 8 9 
3 4 13 
100 
