[1, 1]
1 2 
[1, 2]
2 2 
[1, 3]
1 4 
[2, 2]
2 3 
[1, 5]
1 6 
[2, 3]
3 3 
[1, 7]
1 8 
[2, 4]
2 5 
[3, 3]
3 4 
[2, 5]
2 6 
[1, 11]
1 12 
[3, 4]
4 4 
[1, 13]
1 14 
[2, 7]
2 8 
[3, 5]
3 6 
[4, 4]
4 5 
[1, 17]
1 18 
[3, 6]
3 7 
[1, 19]
1 20 
[4, 5]
5 5 
[3, 7]
3 8 
[2, 11]
2 12 
[1, 23]
1 24 
[4, 6]
4 7 
[5, 5]
5 6 
[2, 13]
2 14 
[3, 9]
3 10 
[4, 7]
4 8 
[1, 29]
1 30 
[5, 6]
6 6 
[1, 31]
1 32 
[4, 8]
4 9 
[3, 11]
3 12 
[2, 17]
2 18 
[5, 7]
5 8 
[6, 6]
6 7 
[1, 37]
1 38 
[2, 19]
2 20 
[3, 13]
3 14 
[5, 8]
5 9 
[1, 41]
1 42 
[6, 7]
7 7 
[1, 43]
1 44 
[4, 11]
4 12 
[5, 9]
5 10 
[2, 23]
2 24 
[1, 47]
1 48 
[6, 8]
6 9 
[7, 7]
7 8 
[5, 10]
5 11 
[3, 17]
3 18 
[4, 13]
4 14 
[1, 53]
1 54 
[6, 9]
6 10 
[5, 11]
5 12 
[7, 8]
8 8 
[3, 19]
3 20 
[2, 29]
2 30 
[1, 59]
1 60 
[6, 10]
6 11 
[1, 61]
1 62 
[2, 31]
2 32 
[7, 9]
7 10 
[8, 8]
8 9 
[5, 13]
5 14 
[6, 11]
6 12 
[1, 67]
1 68 
[4, 17]
4 18 
[3, 23]
3 24 
[7, 10]
7 11 
[1, 71]
1 72 
[6, 12]
6 13 
[1, 73]
1 74 
[2, 37]
2 38 
[5, 15]
5 16 
[4, 19]
4 20 
[7, 11]
7 12 
[6, 13]
6 14 
[1, 79]
1 80 
[8, 10]
8 11 
[9, 9]
9 10 
[2, 41]
2 42 
[1, 83]
1 84 
[7, 12]
7 13 
[5, 17]
5 18 
[2, 43]
2 44 
[3, 29]
3 30 
[8, 11]
8 12 
[1, 89]
1 90 
[6, 15]
6 16 
[7, 13]
7 14 
[4, 23]
4 24 
[3, 31]
3 32 
[2, 47]
2 48 
[5, 19]
5 20 
[8, 12]
8 13 
[1, 97]
1 98 
[7, 14]
7 15 
[9, 11]
9 12 
[10, 10]
10 11 
