1000
36702 38435 75137
53079 40486 93565
38110 34394 72504
85696 10784 96480
33960 44983 78943
44766 44527 89293
44462 33757 78219
9836 45976 55812
81894 1678 83572
10186 23154 33340
61255 1061 62316
46465 27820 74285
5338 19741 25079
31572 18384 49956
48195 26604 74799
72954 1102 74056
30670 25695 56365
79959 9067 89026
58321 27084 85405
25156 39714 64870
13437 67134 80571
17560 54410 71970
26698 11148 37846
41281 10404 51685
69504 10733 80237
20395 4154 24549
42857 42853 85710
59016 40280 99296
70911 9892 80803
47048 39766 86814
5129 41059 46188
58947 18126 77073
69153 5539 74692
70401 12676 83077
43660 12506 56166
93778 5247 99025
70678 25175 95853
7970 60347 68317
14970 29447 44417
82317 10147 92464
15464 18596 34060
25252 39508 64760
64207 10016 74223
89113 10253 99366
33079 52287 85366
11871 56589 68460
14963 61358 76321
37753 27029 64782
52787 13204 65991
44544 49423 93967
65140 27893 93033
87178 1463 88641
20383 910 21293
97097 2762 99859
11698 31624 43322
79677 18517 98194
985 45471 46456
97459 128 97587
82280 7588 89868
88434 7167 95601
50221 47615 97836
69784 24154 93938
10338 52537 62875
76168 7852 84020
1786 58727 60513
96803 2784 99587
22791 76066 98857
3821 20399 24220
53245 26468 79713
45770 46113 91883
9093 51849 60942
6473 35877 42350
89968 3768 93736
23524 73939 97463
43967 36262 80229
92506 7043 99549
83330 9726 93056
39670 45244 84914
19497 57035 76532
80298 631 80929
86394 9033 95427
38431 35377 73808
60174 34386 94560
77491 6001 83492
76966 12882 89848
63323 21399 84722
77986 5855 83841
15991 25385 41376
76966 15420 92386
27634 11332 38966
76112 8460 84572
69481 7900 77381
7446 74417 81863
55928 22510 78438
939 41696 42635
62729 17233 79962
1034 30956 31990
40065 49847 89912
96862 2230 99092
10049 53482 63531
34956 43827 78783
21197 43172 64369
56180 19377 75557
31744 22960 54704
43254 345 43599
76681 8111 84792
1412 34875 36287
7017 34907 41924
17537 41890 59427
36137 57006 93143
56309 15778 72087
50980 19513 70493
78436 12161 90597
21706 31634 53340
30412 51634 82046
36764 13024 49788
84165 11476 95641
79885 17339 97224
246 47488 47734
8206 84462 92668
78383 18263 96646
59266 9498 68764
21397 38109 59506
95518 877 96395
5464 53483 58947
86145 3290 89435
39549 28943 68492
12460 20062 32522
67359 19864 87223
56369 34126 90495
90243 3660 93903
96343 1965 98308
67792 18252 86044
37834 61382 99216
68635 23019 91654
53447 16436 69883
22111 17276 39387
39872 42703 82575
82688 5497 88185
3607 51239 54846
24381 16391 40772
17217 10452 27669
38227 30697 68924
39286 43918 83204
28364 39462 67826
27202 734 27936
61422 15256 76678
21550 71055 92605
15431 51273 66704
32595 42808 75403
37934 54171 92105
65687 23224 88911
92724 1485 94209
89367 8871 98238
50093 31196 81289
62173 29844 92017
54328 34102 88430
54405 30321 84726
57514 24541 82055
72222 3846 76068
63144 31395 94539
8954 60293 69247
87450 11161 98611
35768 45571 81339
12858 47398 60256
60680 19894 80574
27258 44871 72129
83698 11140 94838
99014 203 99217
10913 56826 67739
27286 18275 45561
94640 1425 96065
32737 680 33417
1857 27997 29854
93172 1845 95017
63078 8564 71642
7638 54077 61715
44846 50289 95135
82112 15420 97532
870 57609 58479
50630 3769 54399
12407 847 13254
16212 54747 70959
7036 20519 27555
94121 4800 98921
25212 28700 53912
22055 63658 85713
9005 79439 88444
30750 47049 77799
43817 4831 48648
71310 21279 92589
74648 2479 77127
41333 56897 98230
28584 10661 39245
28044 39440 67484
45971 39667 85638
10937 68436 79373
49324 26660 75984
36979 55543 92522
9368 63671 73039
55856 5237 61093
13736 69449 83185
53569 19901 73470
17448 4822 22270
44008 26717 70725
12883 13096 25979
55669 16794 72463
41910 36029 77939
8728 68788 77516
94341 719 95060
2933 45120 48053
12382 23080 35462
29903 6746 36649
17806 45788 63594
38090 45930 84020
1154 60391 61545
76327 3370 79697
88080 11864 99944
41529 42266 83795
42823 12056 54879
72801 3108 75909
36556 30048 66604
1141 78116 79257
81453 14061 95514
65709 15359 81068
75836 6754 82590
78241 20127 98368
86992 10120 97112
16812 5913 22725
77751 450 78201
19794 8435 28229
76257 1580 77837
46316 46239 92555
97121 585 97706
65863 15623 81486
62027 29880 91907
37053 26529 63582
5490 58045 63535
6343 29275 35618
18312 7373 25685
14735 42927 57662
16293 58100 74393
6263 68840 75103
16438 71336 87774
10520 61060 71580
55575 4371 59946
58745 34269 93014
56917 33408 90325
42738 3536 46274
40751 2469 43220
35829 12451 48280
68001 13428 81429
64291 35527 99818
93783 5399 99182
5956 72216 78172
60127 20558 80685
41365 38653 80018
4810 46914 51724
39830 3960 43790
42403 51273 93676
99790 45 99835
74222 18398 92620
83484 10616 94100
27627 68968 96595
38934 56782 95716
7651 88131 95782
62101 10068 72169
43349 40360 83709
60321 25658 85979
10561 42067 52628
90410 594 91004
98572 1251 99823
84346 4706 89052
56795 3259 60054
96578 2962 99540
66169 12023 78192
93497 4918 98415
42771 27949 70720
22040 43780 65820
76330 3374 79704
73002 15858 88860
20064 53205 73269
66993 19803 86796
70934 7908 78842
31119 58776 89895
51064 39959 91023
41490 25595 67085
18660 6375 25035
20292 66496 86788
33038 29412 62450
68689 26463 95152
4544 44146 48690
11275 29439 40714
45974 7464 53438
16848 65735 82583
18575 2406 20981
62103 18359 80462
79909 7829 87738
78964 2379 81343
99240 237 99477
47124 34045 81169
47661 7108 54769
21785 48965 70750
74043 22387 96430
74148 18467 92615
81661 7185 88846
29682 29391 59073
63998 9253 73251
82521 8855 91376
79774 544 80318
64216 22610 86826
54060 11501 65561
34869 54131 89000
72898 8560 81458
37969 61092 99061
7177 56488 63665
20782 61639 82421
79777 15839 95616
89302 315 89617
4390 94335 98725
29128 27287 56415
65890 4465 70355
48324 14634 62958
9794 31161 40955
38035 36825 74860
42595 10565 53160
43479 48514 91993
36323 63531 99854
5316 7203 12519
4499 17635 22134
6979 18443 25422
41011 53256 94267
17618 34902 52520
39631 34406 74037
93893 4465 98358
81931 18046 99977
63057 15680 78737
4912 75599 80511
42088 53194 95282
87158 4741 91899
17349 60164 77513
48254 22489 70743
78614 9805 88419
48907 16482 65389
93193 5373 98566
74202 2052 76254
79679 4857 84536
24980 66479 91459
7371 49597 56968
46556 42453 89009
59348 28911 88259
74563 24835 99398
25534 42592 68126
37472 25550 63022
23454 40487 63941
85566 11986 97552
1406 78070 79476
65474 26659 92133
82217 16063 98280
18825 7759 26584
29944 10929 40873
65062 9508 74570
44062 41546 85608
12856 74907 87763
70951 1873 72824
31320 55709 87029
68131 23243 91374
66634 33139 99773
86118 3799 89917
98198 1640 99838
1754 55863 57617
96542 981 97523
45515 27021 72536
39984 9111 49095
18812 39830 58642
63062 1895 64957
20727 11402 32129
64312 14115 78427
9488 44368 53856
25503 67530 93033
49182 15673 64855
13672 1644 15316
80851 7806 88657
40292 21118 61410
45573 48816 94389
34600 27977 62577
62615 31169 93784
34088 54693 88781
88142 3012 91154
55036 34309 89345
75875 14034 89909
71149 6102 77251
99385 578 99963
24526 68260 92786
86201 2535 88736
12196 15159 27355
95797 2026 97823
44548 40290 84838
81167 14940 96107
2972 63666 66638
74613 23958 98571
31390 4236 35626
86477 1188 87665
15216 83179 98395
3262 85959 89221
64373 12053 76426
8984 27497 36481
98550 862 99412
64339 29047 93386
44849 15491 60340
28697 24736 53433
3695 11220 14915
66470 10442 76912
14553 38167 52720
48885 44562 93447
16252 15671 31923
68358 27573 95931
80727 10116 90843
85792 10884 96676
85990 7769 93759
43838 15169 59007
36779 59707 96486
2695 87209 89904
18723 31548 50271
83231 2734 85965
50186 6252 56438
48030 42251 90281
26869 20670 47539
37525 173 37698
79363 9933 89296
21033 26566 47599
83969 9361 93330
15813 10424 26237
87038 10765 97803
59591 11966 71557
30217 68164 98381
62917 29001 91918
83099 10700 93799
76083 15054 91137
65622 3540 69162
41260 46321 87581
93433 125 93558
1303 26518 27821
64722 16043 80765
68988 27849 96837
30961 68325 99286
72582 9838 82420
97705 1064 98769
94756 3522 98278
21344 76062 97406
66043 6020 72063
10453 31741 42194
66273 24591 90864
92116 694 92810
16830 13776 30606
60494 11900 72394
78091 20274 98365
93483 519 94002
93612 5335 98947
1905 75949 77854
93307 2399 95706
31618 62523 94141
6779 53983 60762
12792 78587 91379
98670 102 98772
42504 24858 67362
32973 61548 94521
88122 7748 95870
94332 470 94802
1690 83663 85353
3793 41925 45718
1158 8113 9271
89711 766 90477
58942 32982 91924
90641 8123 98764
42374 15150 57524
99841 136 99977
24816 71752 96568
51823 39110 90933
60933 20453 81386
35363 11229 46592
60853 5670 66523
36336 524 36860
94810 1952 96762
18525 64993 83518
30506 3991 34497
66928 13250 80178
49735 45738 95473
29985 58629 88614
80364 4988 85352
61764 14473 76237
83307 10571 93878
75387 1185 76572
9152 84622 93774
21586 48279 69865
92377 2148 94525
79522 10463 89985
42337 3139 45476
43914 41625 85539
61996 683 62679
76406 10548 86954
44642 676 45318
29690 8248 37938
90046 7111 97157
45108 9320 54428
3828 95328 99156
42261 23228 65489
72065 12292 84357
40330 49251 89581
20549 14766 35315
48911 30458 79369
8099 78923 87022
96334 204 96538
11729 67083 78812
34143 21552 55695
40473 5603 46076
74052 17926 91978
27824 20741 48565
88036 5342 93378
1628 17648 19276
14736 71749 86485
75058 5459 80517
29625 32790 62415
90318 6608 96926
49524 17202 66726
58959 16023 74982
40719 50677 91396
94950 3556 98506
3240 95883 99123
53678 35199 88877
48199 46590 94789
12928 37883 50811
54139 7839 61978
8160 58482 66642
36398 11061 47459
42958 17441 60399
38112 5733 43845
15462 48836 64298
67082 14885 81967
56735 38628 95363
73676 10290 83966
7114 84827 91941
26318 14714 41032
61182 10313 71495
91733 6364 98097
66860 23525 90385
81523 14332 95855
54976 42797 97773
73547 24980 98527
42292 34762 77054
86470 9374 95844
59330 14687 74017
36495 26570 63065
92948 5291 98239
61927 22390 84317
22695 19337 42032
67382 11655 79037
86174 194 86368
93398 2487 95885
89499 2790 92289
98951 360 99311
27320 71042 98362
14646 71269 85915
58563 31661 90224
40291 31211 71502
48572 27599 76171
79379 16087 95466
76708 2563 79271
56618 37698 94316
49003 27324 76327
23967 23182 47149
4169 57593 61762
2306 35614 37920
218 25057 25275
61843 38035 99878
63310 16194 79504
36121 61908 98029
43126 54442 97568
15617 63716 79333
40554 21940 62494
86926 571 87497
76520 8372 84892
75877 3166 79043
95414 2514 97928
55294 30557 85851
57533 40062 97595
56437 28631 85068
14058 47387 61445
87636 62 87698
29563 63267 92830
85612 12727 98339
74807 25034 99841
82071 9130 91201
63248 30955 94203
69057 9505 78562
53478 41736 95214
25766 56110 81876
48524 49034 97558
50258 24672 74930
96245 2790 99035
76199 3775 79974
78435 16462 94897
71059 26957 98016
6253 12513 18766
22533 40301 62834
96121 3166 99287
20019 14721 34740
52793 44668 97461
73200 8118 81318
19834 70123 89957
89686 9727 99413
91958 6557 98515
35860 6399 42259
26212 20364 46576
44720 19999 64719
11841 26212 38053
33131 17556 50687
49339 22756 72095
72896 170 73066
74987 8624 83611
21961 49056 71017
91307 1855 93162
34252 20844 55096
87531 5379 92910
42223 5053 47276
59841 3090 62931
16283 14614 30897
2261 85447 87708
3577 89605 93182
3277 5273 8550
75896 4816 80712
88098 10634 98732
60059 34712 94771
89824 5604 95428
46676 11972 58648
50788 33670 84458
74728 9443 84171
95090 3340 98430
83501 5390 88891
28638 21777 50415
17262 57309 74571
32631 33000 65631
81871 13775 95646
88365 6846 95211
75820 10664 86484
6214 50824 57038
60564 29114 89678
5586 46713 52299
91970 1071 93041
64815 23354 88169
15671 59636 75307
75832 20963 96795
91018 3638 94656
85057 7864 92921
65392 19297 84689
30437 2088 32525
38279 30584 68863
93817 5768 99585
30024 19163 49187
17322 29167 46489
44268 41186 85454
62553 33979 96532
47603 38571 86174
30804 9123 39927
51262 32193 83455
62438 30197 92635
38579 309 38888
20386 43178 63564
99492 278 99770
14936 38750 53686
85610 12416 98026
78475 2821 81296
67983 13145 81128
28914 27027 55941
40185 6863 47048
18670 52613 71283
62655 2594 65249
97631 689 98320
42828 34208 77036
8958 85944 94902
45556 6545 52101
95089 2217 97306
13481 6235 19716
6224 12817 19041
82477 1389 83866
79204 1145 80349
98004 179 98183
30937 7840 38777
46340 14035 60375
35691 60515 96206
25270 58277 83547
22804 62648 85452
16207 14159 30366
302 52420 52722
81137 12215 93352
96886 770 97656
41655 33491 75146
91084 8728 99812
86119 7756 93875
10822 66986 77808
62141 33170 95311
48767 39628 88395
42617 17761 60378
11624 69955 81579
14186 45550 59736
40221 8302 48523
63738 27004 90742
67674 22353 90027
11687 75881 87568
67343 27039 94382
73796 18480 92276
59879 33855 93734
33008 9102 42110
10706 37866 48572
51020 28219 79239
73539 12282 85821
38734 26980 65714
1436 50129 51565
58321 6927 65248
28445 31132 59577
17455 55885 73340
46648 47551 94199
67928 8866 76794
69621 3807 73428
82022 7992 90014
75301 15573 90874
58947 25582 84529
39115 24587 63702
22820 33838 56658
56534 42203 98737
66796 16855 83651
38435 17631 56066
46212 14740 60952
60825 26919 87744
48902 10953 59855
54383 29792 84175
30275 8178 38453
17945 73846 91791
72952 19559 92511
71727 18017 89744
51777 31983 83760
4312 45758 50070
17980 50843 68823
52894 40170 93064
79142 3420 82562
83277 13607 96884
28362 31578 59940
85415 8189 93604
279 59259 59538
82537 8270 90807
1739 30533 32272
53873 38729 92602
43814 39419 83233
64248 25909 90157
99240 201 99441
78502 12291 90793
2635 48087 50722
19182 76964 96146
98036 1835 99871
91648 8218 99866
9513 81856 91369
82569 15584 98153
80139 14692 94831
41612 7529 49141
31668 23296 54964
74855 24851 99706
36206 41529 77735
99973 11 99984
79542 17748 97290
42729 41759 84488
46087 13483 59570
2177 16509 18686
63220 6384 69604
77730 7123 84853
88474 9650 98124
66474 11000 77474
95586 626 96212
50499 8354 58853
74548 757 75305
74922 20027 94949
41394 18496 59890
19064 61362 80426
82373 15995 98368
90620 7213 97833
8568 7391 15959
48913 27838 76751
29142 14970 44112
97270 545 97815
30614 9215 39829
13860 66187 80047
45637 15164 60801
8229 85300 93529
84219 11337 95556
11066 9310 20376
40822 59096 99918
82067 17726 99793
52789 12444 65233
96485 1520 98005
87991 956 88947
68033 26419 94452
76577 23365 99942
56328 998 57326
94597 2520 97117
96397 1563 97960
6423 88748 95171
19364 69437 88801
10455 7808 18263
33516 27128 60644
48081 35785 83866
24147 58606 82753
97373 746 98119
62275 21281 83556
85888 4724 90612
76405 9808 86213
36170 17482 53652
23030 5024 28054
8530 77397 85927
5952 50018 55970
23636 62476 86112
5299 72919 78218
53214 2031 55245
58298 222 58520
32093 47717 79810
90052 7078 97130
78127 16635 94762
23337 70212 93549
59838 23549 83387
537 32604 33141
49001 49214 98215
48879 46872 95751
12740 35776 48516
41475 42825 84300
48869 23584 72453
66432 13795 80227
81907 10487 92394
29598 27244 56842
67609 8341 75950
29431 25759 55190
85078 9396 94474
953 30010 30963
44095 28557 72652
78264 313 78577
67386 17836 85222
15601 82281 97882
25272 50646 75918
80914 11464 92378
50449 21182 71631
43827 36538 80365
52634 35397 88031
75442 16376 91818
51358 34486 85844
58202 17825 76027
21368 44405 65773
56219 40795 97014
79434 16670 96104
44692 17067 61759
21764 59683 81447
10720 83593 94313
28188 1002 29190
19488 76734 96222
10421 81204 91625
68802 4617 73419
54740 40778 95518
71911 7228 79139
17724 73566 91290
32893 31844 64737
90710 5037 95747
95361 660 96021
45591 39849 85440
25826 55136 80962
38505 51442 89947
86222 6119 92341
72490 14251 86741
61786 15860 77646
95628 3481 99109
4977 74166 79143
93675 3330 97005
69939 10165 80104
37275 60215 97490
69506 21916 91422
25492 36167 61659
27005 65767 92772
99283 223 99506
20324 23161 43485
71762 7167 78929
18209 69503 87712
91148 520 91668
59584 13890 73474
31220 6068 37288
57897 35282 93179
20508 42128 62636
69286 14248 83534
44933 36916 81849
98908 1020 99928
8666 57907 66573
24569 15548 40117
3316 47580 50896
1767 92821 94588
50646 28208 78854
46890 1554 48444
19612 918 20530
52423 11659 64082
10074 53333 63407
62299 16461 78760
12653 51122 63775
37992 57521 95513
63769 9985 73754
76684 5466 82150
25667 66545 92212
75544 3915 79459
23217 10778 33995
43472 47358 90830
27414 56396 83810
42616 16846 59462
45151 15975 61126
80005 11052 91057
91668 7972 99640
29373 63529 92902
64596 1777 66373
99837 12 99849
43664 18659 62323
88431 821 89252
34071 4201 38272
24204 61292 85496
26905 21554 48459
6542 59788 66330
50774 10064 60838
14154 22402 36556
10005 10722 20727
47867 7673 55540
93856 2654 96510
74958 12414 87372
97562 2066 99628
64957 33988 98945
43702 50462 94164
65158 9290 74448
58990 17889 76879
31776 25654 57430
85697 1836 87533
44736 5450 50186
98377 698 99075
34093 4318 38411
45807 21983 67790
60209 17791 78000
83263 7856 91119
874 75310 76184
99578 28 99606
46109 18968 65077
83000 6416 89416
2488 42853 45341
41456 6418 47874
63214 16975 80189
10135 74745 84880
50026 49638 99664
54514 3573 58087
67140 19481 86621
29139 27464 56603
31237 49164 80401
8390 87900 96290
74997 22338 97335
5183 54748 59931
87088 10170 97258
21176 13612 34788
42071 34556 76627
12117 46662 58779
39008 30293 69301
99214 544 99758
41975 43347 85322
40890 38247 79137
45679 24028 69707
62252 10167 72419
83966 5969 89935
69803 12902 82705
28407 54134 82541
89523 4178 93701
22370 20516 42886
733 74108 74841
68227 7362 75589
2208 49881 52089
70236 536 70772
52544 10286 62830
6300 39800 46100
65899 22791 88690
70854 21162 92016
70119 4334 74453
59006 14094 73100
92204 2693 94897
18275 29558 47833
6494 45569 52063
63650 15523 79173
92402 6997 99399
77156 18198 95354
34011 10252 44263
77872 10382 88254
30394 53092 83486
17562 70053 87615
68160 26730 94890
75005 10163 85168
85666 11793 97459
38181 57680 95861
