1779
1142
2163
188
269
220
1575
1344
38
1294
52
2064
987
1493
2052
91
431
1185
2367
840
870
818
965
140
402
274
2486
2889
463
2801
160
2646
356
182
1180
389
1463
187
1036
920
503
1302
337
504
1619
611
210
2187
1407
630
870
88
14
270
1402
931
65
2
303
24
173
621
714
345
100
186
901
41
123
2548
662
400
388
1926
433
808
289
1984
432
126
931
1491
2000
441
1211
425
263
380
1270
312
215
325
588
924
65
1741
63
2132
251
1078
1590
1926
1724
909
55
90
210
535
243
1026
378
1994
989
1841
3276
1028
986
1981
8
258
2266
952
2030
70
636
112
1675
884
2075
3641
84
210
398
1605
1390
331
606
2244
29
297
79
390
852
2912
1985
29
124
2266
470
994
2174
1414
210
840
1396
881
2922
1896
715
374
2369
1568
1176
2682
1302
1929
1533
1027
33
336
1964
98
32
121
115
783
336
2187
165
31
322
61
504
299
115
1461
2467
973
1766
386
2213
260
3528
1061
907
1878
989
634
850
306
487
1146
1497
120
2352
1015
1411
2150
303
13
32
956
461
1977
2587
13
391
236
2660
1245
124
2275
100
545
2
512
1980
1129
534
9
1256
171
2154
88
649
2563
2928
820
622
437
230
677
472
840
593
397
2251
115
362
77
584
585
2489
381
378
174
1006
597
256
2562
6
1636
1058
642
707
230
1285
3558
2682
661
40
84
513
69
285
201
588
2478
826
300
533
511
1772
426
1647
3313
515
481
533
1080
371
240
96
739
399
354
1168
457
504
19
1843
694
1562
1591
336
10
702
89
997
13
852
1212
1199
501
2306
364
2611
80
75
240
2223
154
1372
1000
1498
1084
2179
3496
296
681
317
168
1190
1738
641
374
941
296
1402
574
1961
462
1194
660
354
28
84
1471
685
1860
1190
657
1058
852
1154
1118
110
760
75
348
1102
308
2110
1041
238
1700
1143
714
114
126
210
86
2325
624
2138
92
993
1044
276
1496
584
193
70
2166
2124
1581
1926
1072
349
670
964
249
56
251
261
368
91
2138
906
333
2604
52
116
1568
100
340
587
44
912
1198
232
161
823
1446
545
65
817
408
495
238
931
1585
346
1207
348
119
1248
1379
42
969
1578
75
633
253
623
280
1617
1252
1380
86
1910
6
182
388
2639
2142
1241
28
210
1260
518
36
795
92
1246
1023
1713
72
756
174
200
1582
285
516
14
573
2136
672
39
110
399
76
18
1221
19
860
3
348
1888
1495
498
358
84
185
974
187
624
3377
1951
468
876
1210
45
617
1039
163
858
267
3060
72
944
54
34
25
430
81
2116
73
2730
570
252
372
24
664
824
618
245
1050
549
150
556
661
575
590
1380
564
1344
376
262
1920
441
124
95
503
1276
660
435
1245
131
464
791
520
1008
46
720
775
125
3150
2344
2982
1266
840
1914
1716
596
1634
1262
27
294
210
126
959
1236
1073
843
252
206
182
2115
330
419
188
36
38
3033
627
3150
4055
994
2222
98
696
290
401
60
1849
280
910
7
759
1716
1785
840
1674
543
1320
1680
2135
336
62
73
978
3236
595
513
109
1045
2203
165
2078
210
532
45
1907
2121
1016
792
2402
16
603
2281
36
2096
166
320
140
286
246
138
330
383
409
2203
708
1313
1913
1206
286
706
133
144
364
80
362
570
126
2268
491
200
455
669
1185
335
279
817
53
1584
316
2214
353
1891
3398
819
1806
3432
447
63
2264
50
748
165
252
1305
2368
249
2597
97
84
1221
825
589
298
757
124
113
250
51
533
632
2602
2384
1527
90
43
293
47
2139
263
665
572
687
192
1491
602
857
987
953
1428
729
